	Try: [35, 37, 38, 41, 43]
[35, 37, 38, 41, 43, 41] = (0 errors, first @ [4, 5])
	Try: [64, 66, 69, 71, 72]
[64, 66, 69, 71, 72, 72] = (0 errors, first @ [4, 5])
	Try: [45, 47, 50, 51, 52, 53, 55]
[45, 47, 50, 51, 52, 53, 55, 59] = (0 errors, first @ [6, 7])
	Try: [16, 18, 19, 20, 23]
[16, 18, 19, 20, 23, 29] = (0 errors, first @ [4, 5])
	Try: [36, 39, 41, 43, 44, 44]
	Try: [36, 39, 41, 43, 41, 44]
[36, 39, 41, 43, 44, 41, 44] = (1 errors, first @ [4, 5])
[42, 45, 46, 44, 42] = (2 errors, first @ [2, 3])
[82, 85, 86, 87, 88, 86, 86] = (2 errors, first @ [4, 5])
[42, 45, 46, 45, 47, 51] = (2 errors, first @ [2, 3])
[57, 60, 62, 65, 63, 65, 70] = (2 errors, first @ [3, 4])
	Try: [88, 90, 93, 95, 97]
[88, 90, 90, 93, 95, 97] = (0 errors, first @ [1, 2])
[54, 56, 58, 59, 60, 60, 62, 61] = (2 errors, first @ [4, 5])
[64, 66, 68, 68, 70, 73, 73] = (2 errors, first @ [2, 3])
[5, 8, 11, 11, 15] = (2 errors, first @ [2, 3])
[82, 84, 84, 87, 89, 91, 97] = (2 errors, first @ [1, 2])
	Try: [62, 65, 71, 73]
	Try: [62, 69, 71, 73]
[62, 65, 69, 71, 73] = (1 errors, first @ [1, 2])
[46, 48, 50, 51, 55, 58, 59, 57] = (2 errors, first @ [3, 4])
[10, 11, 15, 18, 18] = (2 errors, first @ [1, 2])
[26, 28, 31, 34, 38, 41, 45] = (2 errors, first @ [3, 4])
[40, 41, 42, 45, 47, 51, 53, 60] = (2 errors, first @ [4, 5])
	Try: [19, 22, 25, 32]
	Try: [19, 22, 30, 32]
[19, 22, 25, 30, 32] = (1 errors, first @ [2, 3])
[77, 78, 84, 85, 88, 85] = (2 errors, first @ [1, 2])
[25, 27, 32, 33, 34, 37, 37] = (2 errors, first @ [1, 2])
[77, 79, 84, 87, 89, 91, 92, 96] = (2 errors, first @ [1, 2])
[10, 12, 18, 19, 25] = (2 errors, first @ [1, 2])
[52, 51, 54, 57, 59, 62, 64] = (5 errors, first @ [1, 2])
[65, 62, 65, 66, 63] = (2 errors, first @ [1, 2])
[71, 69, 71, 72, 73, 75, 76, 76] = (6 errors, first @ [1, 2])
[70, 69, 71, 72, 73, 75, 79] = (5 errors, first @ [1, 2])
[9, 7, 10, 11, 12, 17] = (4 errors, first @ [1, 2])
[18, 15, 18, 19, 17, 20] = (3 errors, first @ [1, 2])
[24, 22, 23, 26, 29, 30, 29, 26] = (4 errors, first @ [1, 2])
[94, 91, 89, 90, 91, 91] = (3 errors, first @ [2, 3])
[18, 15, 16, 15, 16, 20] = (3 errors, first @ [1, 2])
[72, 69, 67, 68, 73] = (2 errors, first @ [2, 3])
[66, 63, 64, 66, 66, 67, 70] = (5 errors, first @ [1, 2])
[78, 76, 76, 77, 79, 76] = (3 errors, first @ [1, 2])
[59, 56, 57, 57, 58, 61, 61] = (5 errors, first @ [1, 2])
[10, 9, 12, 14, 17, 17, 21] = (5 errors, first @ [1, 2])
[3, 2, 5, 7, 8, 8, 9, 16] = (6 errors, first @ [1, 2])
[78, 76, 79, 81, 85, 87] = (4 errors, first @ [1, 2])
[31, 29, 30, 32, 35, 36, 40, 39] = (5 errors, first @ [1, 2])
[75, 73, 75, 77, 80, 84, 84] = (5 errors, first @ [1, 2])
[65, 63, 65, 69, 70, 74] = (4 errors, first @ [1, 2])
[75, 73, 74, 75, 79, 80, 81, 88] = (6 errors, first @ [1, 2])
[55, 52, 53, 55, 61, 62] = (4 errors, first @ [1, 2])
[68, 65, 66, 69, 75, 74] = (3 errors, first @ [1, 2])
[6, 5, 8, 15, 15] = (3 errors, first @ [1, 2])
[70, 68, 69, 72, 79, 81, 85] = (5 errors, first @ [1, 2])
[11, 9, 12, 19, 20, 27] = (4 errors, first @ [1, 2])
[33, 33, 35, 37, 39] = (4 errors, first @ [0, 1])
[88, 88, 89, 92, 93, 94, 96, 95] = (7 errors, first @ [0, 1])
[69, 69, 72, 74, 77, 78, 78] = (6 errors, first @ [0, 1])
[1, 1, 2, 3, 7] = (4 errors, first @ [0, 1])
[58, 58, 61, 64, 66, 69, 70, 76] = (7 errors, first @ [0, 1])
[9, 9, 11, 13, 14, 16, 14, 15] = (7 errors, first @ [0, 1])
[40, 40, 42, 44, 43, 46, 44] = (6 errors, first @ [0, 1])
[26, 26, 24, 26, 26] = (4 errors, first @ [0, 1])
[74, 74, 77, 79, 80, 81, 78, 82] = (7 errors, first @ [0, 1])
[72, 72, 74, 72, 75, 78, 80, 86] = (7 errors, first @ [0, 1])
[45, 45, 47, 47, 48] = (4 errors, first @ [0, 1])
[48, 48, 51, 52, 53, 53, 52] = (6 errors, first @ [0, 1])
[86, 86, 87, 90, 90, 91, 93, 93] = (7 errors, first @ [0, 1])
[64, 64, 66, 68, 70, 70, 74] = (6 errors, first @ [0, 1])
[46, 46, 46, 47, 48, 50, 57] = (6 errors, first @ [0, 1])
[39, 39, 41, 45, 47, 48, 49] = (6 errors, first @ [0, 1])
[2, 2, 5, 9, 10, 8] = (5 errors, first @ [0, 1])
[36, 36, 37, 41, 42, 45, 48, 48] = (7 errors, first @ [0, 1])
[8, 8, 11, 14, 17, 20, 24, 28] = (7 errors, first @ [0, 1])
[13, 13, 14, 18, 24] = (4 errors, first @ [0, 1])
[50, 50, 51, 54, 61, 63] = (5 errors, first @ [0, 1])
[54, 54, 55, 58, 60, 67, 64] = (6 errors, first @ [0, 1])
[19, 19, 21, 27, 29, 29] = (5 errors, first @ [0, 1])
[10, 10, 17, 19, 23] = (4 errors, first @ [0, 1])
[31, 31, 34, 36, 37, 44, 50] = (6 errors, first @ [0, 1])
	Try: [34, 39, 40, 43, 46, 47, 50]
	Try: [38, 39, 40, 43, 46, 47, 50]
[34, 38, 39, 40, 43, 46, 47, 50] = (0 errors, first @ [0, 1])
[12, 16, 18, 21, 24, 27, 29, 26] = (2 errors, first @ [0, 1])
[75, 79, 82, 84, 87, 87] = (2 errors, first @ [0, 1])
[36, 40, 41, 44, 45, 47, 51] = (2 errors, first @ [0, 1])
[58, 62, 63, 66, 69, 71, 72, 79] = (2 errors, first @ [0, 1])
[33, 37, 35, 36, 37, 38, 40] = (2 errors, first @ [0, 1])
[95, 99, 97, 99, 96] = (3 errors, first @ [0, 1])
[20, 24, 26, 23, 23] = (3 errors, first @ [0, 1])
[81, 85, 87, 90, 88, 89, 91, 95] = (3 errors, first @ [0, 1])
[37, 41, 40, 41, 43, 45, 47, 54] = (3 errors, first @ [0, 1])
[17, 21, 21, 24, 25, 27, 30, 31] = (2 errors, first @ [0, 1])
[9, 13, 13, 15, 17, 18, 15] = (3 errors, first @ [0, 1])
[8, 12, 13, 14, 14, 14] = (3 errors, first @ [0, 1])
[31, 35, 36, 36, 38, 42] = (3 errors, first @ [0, 1])
[78, 82, 82, 84, 85, 88, 94] = (3 errors, first @ [0, 1])
[25, 29, 31, 32, 35, 39, 41, 43] = (2 errors, first @ [0, 1])
[32, 36, 40, 42, 40] = (3 errors, first @ [0, 1])
[22, 26, 30, 33, 33] = (3 errors, first @ [0, 1])
[54, 58, 62, 65, 69] = (3 errors, first @ [0, 1])
[61, 65, 69, 72, 73, 80] = (3 errors, first @ [0, 1])
[52, 56, 63, 64, 66] = (2 errors, first @ [0, 1])
[76, 80, 86, 89, 86] = (3 errors, first @ [0, 1])
[6, 10, 11, 14, 19, 19] = (3 errors, first @ [0, 1])
[8, 12, 13, 14, 15, 22, 23, 27] = (3 errors, first @ [0, 1])
[48, 52, 53, 56, 58, 65, 72] = (3 errors, first @ [0, 1])
	Try: [6, 14, 17, 20, 21]
	Try: [13, 14, 17, 20, 21]
[6, 13, 14, 17, 20, 21] = (0 errors, first @ [0, 1])
[65, 71, 73, 74, 77, 78, 81, 80] = (2 errors, first @ [0, 1])
[80, 85, 88, 91, 92, 95, 96, 96] = (2 errors, first @ [0, 1])
[79, 85, 88, 89, 93] = (2 errors, first @ [0, 1])
[36, 41, 43, 46, 47, 49, 55] = (2 errors, first @ [0, 1])
[54, 59, 57, 58, 59] = (2 errors, first @ [0, 1])
[77, 84, 86, 84, 85, 83] = (3 errors, first @ [0, 1])
[2, 9, 11, 12, 9, 11, 11] = (3 errors, first @ [0, 1])
[82, 88, 87, 90, 94] = (3 errors, first @ [0, 1])
[22, 27, 30, 33, 35, 38, 37, 43] = (3 errors, first @ [0, 1])
[72, 77, 79, 79, 81, 83] = (2 errors, first @ [0, 1])
[82, 89, 92, 94, 96, 96, 94] = (3 errors, first @ [0, 1])
[65, 72, 73, 73, 73] = (3 errors, first @ [0, 1])
[42, 49, 52, 52, 54, 57, 61] = (3 errors, first @ [0, 1])
[76, 81, 81, 82, 83, 89] = (3 errors, first @ [0, 1])
[20, 25, 26, 30, 31] = (2 errors, first @ [0, 1])
[6, 11, 12, 16, 15] = (3 errors, first @ [0, 1])
[20, 26, 27, 31, 33, 36, 36] = (3 errors, first @ [0, 1])
[7, 14, 17, 21, 25] = (3 errors, first @ [0, 1])
[37, 44, 47, 50, 51, 52, 56, 61] = (3 errors, first @ [0, 1])
[53, 58, 60, 63, 69, 71, 72] = (2 errors, first @ [0, 1])
[40, 47, 54, 55, 54] = (3 errors, first @ [0, 1])
[58, 65, 72, 75, 77, 80, 81, 81] = (3 errors, first @ [0, 1])
[13, 18, 20, 21, 27, 31] = (3 errors, first @ [0, 1])
[51, 58, 59, 66, 73] = (3 errors, first @ [0, 1])
	Try: [64, 61, 60, 59]
[64, 61, 60, 59, 62] = (0 errors, first @ [3, 4])
	Try: [87, 84, 81, 80, 78, 77, 74]
[87, 84, 81, 80, 78, 77, 74, 74] = (0 errors, first @ [6, 7])
	Try: [98, 95, 93, 91, 89, 87, 84]
[98, 95, 93, 91, 89, 87, 84, 80] = (0 errors, first @ [6, 7])
	Try: [42, 40, 37, 35, 33]
[42, 40, 37, 35, 33, 26] = (0 errors, first @ [4, 5])
	Try: [77, 75, 72, 70, 69, 67]
[77, 75, 72, 70, 72, 69, 67] = (0 errors, first @ [3, 4])
[86, 85, 84, 86, 88] = (2 errors, first @ [2, 3])
[68, 66, 63, 66, 66] = (2 errors, first @ [2, 3])
[63, 60, 61, 60, 59, 57, 54, 50] = (2 errors, first @ [1, 2])
[86, 83, 84, 83, 82, 79, 74] = (2 errors, first @ [1, 2])
	Try: [81, 80, 79, 77, 74]
[81, 80, 79, 79, 77, 74] = (0 errors, first @ [2, 3])
[76, 75, 75, 73, 72, 69, 71] = (2 errors, first @ [1, 2])
[20, 17, 17, 15, 15] = (2 errors, first @ [1, 2])
[77, 76, 73, 73, 69] = (2 errors, first @ [2, 3])
[63, 62, 61, 61, 60, 55] = (2 errors, first @ [2, 3])
	Try: [89, 86, 80, 78, 75]
	Try: [89, 82, 80, 78, 75]
[89, 86, 82, 80, 78, 75] = (1 errors, first @ [1, 2])
[92, 91, 90, 89, 88, 84, 82, 85] = (2 errors, first @ [4, 5])
[87, 86, 83, 80, 79, 75, 75] = (2 errors, first @ [4, 5])
[86, 83, 81, 77, 73] = (2 errors, first @ [2, 3])
[79, 76, 75, 73, 69, 62] = (2 errors, first @ [3, 4])
	Try: [88, 86, 80, 78]
	Try: [88, 81, 80, 78]
[88, 86, 81, 80, 78] = (1 errors, first @ [1, 2])
[88, 86, 85, 82, 77, 80] = (2 errors, first @ [3, 4])
[57, 55, 54, 51, 49, 42, 40, 40] = (2 errors, first @ [4, 5])
[47, 44, 41, 35, 33, 31, 27] = (2 errors, first @ [2, 3])
[29, 26, 20, 17, 16, 14, 7] = (2 errors, first @ [1, 2])
[49, 51, 48, 45, 42, 40] = (4 errors, first @ [1, 2])
[62, 65, 62, 59, 56, 54, 55] = (4 errors, first @ [1, 2])
[54, 56, 54, 51, 51] = (3 errors, first @ [1, 2])
[83, 85, 83, 80, 77, 74, 70] = (5 errors, first @ [1, 2])
[37, 38, 37, 36, 35, 28] = (4 errors, first @ [1, 2])
[39, 42, 39, 40, 39, 38, 37] = (4 errors, first @ [1, 2])
[19, 21, 20, 17, 16, 13, 15, 18] = (4 errors, first @ [1, 2])
[8, 11, 9, 7, 8, 8] = (3 errors, first @ [1, 2])
[70, 72, 70, 67, 68, 64] = (3 errors, first @ [1, 2])
[85, 87, 84, 86, 79] = (2 errors, first @ [1, 2])
[25, 28, 28, 26, 24, 21] = (4 errors, first @ [1, 2])
[58, 60, 60, 59, 56, 58] = (3 errors, first @ [1, 2])
[71, 72, 72, 69, 69] = (3 errors, first @ [1, 2])
[88, 89, 87, 87, 85, 83, 81, 77] = (6 errors, first @ [1, 2])
[37, 39, 36, 34, 34, 28] = (4 errors, first @ [1, 2])
[50, 51, 49, 47, 46, 42, 40] = (5 errors, first @ [1, 2])
[60, 61, 59, 55, 52, 49, 48, 50] = (5 errors, first @ [1, 2])
[95, 97, 94, 93, 91, 87, 87] = (5 errors, first @ [1, 2])
[92, 93, 92, 88, 87, 83] = (4 errors, first @ [1, 2])
[84, 86, 83, 79, 78, 76, 74, 69] = (6 errors, first @ [1, 2])
[95, 98, 92, 89, 87, 85, 83] = (5 errors, first @ [1, 2])
[27, 29, 27, 25, 20, 17, 20] = (4 errors, first @ [1, 2])
[44, 47, 45, 39, 38, 36, 36] = (5 errors, first @ [1, 2])
[76, 79, 73, 72, 68] = (3 errors, first @ [1, 2])
[94, 95, 88, 85, 79] = (3 errors, first @ [1, 2])
[89, 89, 86, 83, 81, 80, 77, 76] = (7 errors, first @ [0, 1])
[74, 74, 71, 68, 67, 65, 63, 66] = (7 errors, first @ [0, 1])
[70, 70, 69, 68, 68] = (4 errors, first @ [0, 1])
[85, 85, 83, 82, 78] = (4 errors, first @ [0, 1])
[58, 58, 57, 54, 53, 47] = (5 errors, first @ [0, 1])
[18, 18, 20, 19, 17, 14, 12, 11] = (7 errors, first @ [0, 1])
[49, 49, 47, 44, 42, 43, 44] = (6 errors, first @ [0, 1])
[43, 43, 41, 40, 38, 35, 36, 36] = (7 errors, first @ [0, 1])
[25, 25, 27, 26, 24, 21, 17] = (6 errors, first @ [0, 1])
[50, 50, 53, 51, 46] = (4 errors, first @ [0, 1])
[92, 92, 89, 89, 86, 83, 81, 79] = (7 errors, first @ [0, 1])
[65, 65, 65, 62, 65] = (4 errors, first @ [0, 1])
[91, 91, 91, 89, 88, 88] = (5 errors, first @ [0, 1])
[75, 75, 75, 72, 68] = (4 errors, first @ [0, 1])
[77, 77, 74, 71, 71, 66] = (5 errors, first @ [0, 1])
[29, 29, 25, 24, 21, 18] = (5 errors, first @ [0, 1])
[52, 52, 51, 47, 46, 44, 45] = (6 errors, first @ [0, 1])
[99, 99, 95, 94, 91, 90, 90] = (6 errors, first @ [0, 1])
[38, 38, 36, 33, 31, 27, 23] = (6 errors, first @ [0, 1])
[41, 41, 40, 36, 30] = (4 errors, first @ [0, 1])
[81, 81, 80, 74, 73, 72, 71, 68] = (7 errors, first @ [0, 1])
[46, 46, 44, 41, 40, 34, 31, 32] = (7 errors, first @ [0, 1])
[55, 55, 53, 51, 50, 47, 41, 41] = (7 errors, first @ [0, 1])
[66, 66, 65, 64, 59, 55] = (5 errors, first @ [0, 1])
[22, 22, 21, 19, 17, 16, 10, 4] = (7 errors, first @ [0, 1])
	Try: [17, 10, 7, 6, 4, 3]
	Try: [13, 10, 7, 6, 4, 3]
[17, 13, 10, 7, 6, 4, 3] = (0 errors, first @ [0, 1])
[25, 21, 19, 18, 15, 14, 16] = (2 errors, first @ [0, 1])
[38, 34, 31, 28, 26, 25, 25] = (2 errors, first @ [0, 1])
[75, 71, 68, 67, 64, 62, 60, 56] = (2 errors, first @ [0, 1])
[83, 79, 76, 73, 72, 70, 69, 64] = (2 errors, first @ [0, 1])
[51, 47, 44, 45, 42, 41] = (2 errors, first @ [0, 1])
[46, 42, 45, 42, 45] = (3 errors, first @ [0, 1])
[89, 85, 84, 86, 84, 81, 80, 80] = (3 errors, first @ [0, 1])
[23, 19, 16, 14, 15, 11] = (3 errors, first @ [0, 1])
[61, 57, 54, 57, 56, 54, 49] = (3 errors, first @ [0, 1])
[85, 81, 81, 80, 79, 77, 74] = (2 errors, first @ [0, 1])
[12, 8, 7, 5, 3, 2, 2, 5] = (3 errors, first @ [0, 1])
[97, 93, 90, 90, 89, 89] = (3 errors, first @ [0, 1])
[75, 71, 70, 67, 67, 64, 60] = (3 errors, first @ [0, 1])
[36, 32, 29, 29, 28, 21] = (3 errors, first @ [0, 1])
[40, 36, 35, 32, 29, 25, 24, 22] = (2 errors, first @ [0, 1])
[98, 94, 90, 89, 88, 85, 87] = (3 errors, first @ [0, 1])
[19, 15, 11, 9, 6, 6] = (3 errors, first @ [0, 1])
[40, 36, 33, 31, 27, 24, 20] = (3 errors, first @ [0, 1])
[78, 74, 70, 68, 61] = (3 errors, first @ [0, 1])
[49, 45, 44, 41, 36, 33] = (2 errors, first @ [0, 1])
[67, 63, 62, 56, 53, 54] = (3 errors, first @ [0, 1])
[83, 79, 72, 70, 67, 66, 66] = (3 errors, first @ [0, 1])
[30, 26, 20, 17, 14, 13, 9] = (3 errors, first @ [0, 1])
[65, 61, 55, 52, 46] = (3 errors, first @ [0, 1])
	Try: [91, 83, 81, 78, 76, 75]
	Try: [85, 83, 81, 78, 76, 75]
[91, 85, 83, 81, 78, 76, 75] = (0 errors, first @ [0, 1])
[80, 73, 70, 68, 65, 62, 61, 63] = (2 errors, first @ [0, 1])
[35, 30, 28, 25, 22, 22] = (2 errors, first @ [0, 1])
[50, 43, 42, 39, 35] = (2 errors, first @ [0, 1])
[50, 44, 43, 41, 36] = (2 errors, first @ [0, 1])
[98, 92, 95, 92, 91, 90, 89] = (2 errors, first @ [0, 1])
[43, 37, 36, 33, 30, 28, 30, 32] = (3 errors, first @ [0, 1])
[47, 40, 38, 41, 40, 39, 37, 37] = (3 errors, first @ [0, 1])
[48, 42, 39, 37, 38, 34] = (3 errors, first @ [0, 1])
[49, 43, 41, 40, 42, 41, 35] = (3 errors, first @ [0, 1])
[34, 27, 26, 24, 24, 22] = (2 errors, first @ [0, 1])
[89, 83, 81, 81, 78, 80] = (3 errors, first @ [0, 1])
[97, 90, 88, 88, 86, 86] = (3 errors, first @ [0, 1])
[84, 78, 76, 76, 74, 73, 69] = (3 errors, first @ [0, 1])
[80, 75, 72, 72, 70, 65] = (3 errors, first @ [0, 1])
[19, 14, 13, 9, 8, 6, 3] = (2 errors, first @ [0, 1])
[81, 75, 73, 69, 66, 63, 65] = (3 errors, first @ [0, 1])
[58, 52, 48, 46, 44, 44] = (3 errors, first @ [0, 1])
[64, 59, 58, 56, 54, 52, 48, 44] = (3 errors, first @ [0, 1])
[56, 49, 46, 44, 40, 37, 30] = (3 errors, first @ [0, 1])
[52, 47, 41, 38, 35] = (2 errors, first @ [0, 1])
[80, 73, 71, 70, 68, 63, 64] = (3 errors, first @ [0, 1])
[77, 70, 63, 60, 57, 57] = (3 errors, first @ [0, 1])
[63, 57, 51, 48, 47, 45, 41] = (3 errors, first @ [0, 1])
[35, 28, 26, 20, 18, 16, 9] = (3 errors, first @ [0, 1])
[79, 75, 75, 73, 71, 68] = (2 errors, first @ [0, 1])
[96, 96, 90, 87, 89] = (4 errors, first @ [0, 1])
[42, 37, 36, 33, 35, 33] = (2 errors, first @ [0, 1])
[46, 50, 52, 55, 57, 61, 64] = (2 errors, first @ [0, 1])
[28, 24, 20, 19, 17, 17] = (3 errors, first @ [0, 1])
[33, 31, 32, 35, 36, 40, 42, 47] = (6 errors, first @ [1, 2])
[49, 46, 44, 45, 48, 49, 55] = (4 errors, first @ [2, 3])
[14, 19, 20, 20, 22, 21] = (3 errors, first @ [0, 1])
[19, 20, 16, 13, 10, 9, 6, 4] = (6 errors, first @ [1, 2])
[29, 25, 19, 17, 10] = (3 errors, first @ [0, 1])
[42, 35, 31, 28, 24] = (3 errors, first @ [0, 1])
[73, 70, 67, 67, 65, 65] = (2 errors, first @ [2, 3])
[39, 38, 39, 40, 43, 44, 51, 52] = (6 errors, first @ [1, 2])
[57, 59, 61, 65, 67, 68, 68] = (2 errors, first @ [2, 3])
[87, 94, 93, 94, 97, 98] = (2 errors, first @ [0, 1])
[91, 94, 94, 93, 92] = (3 errors, first @ [1, 2])
[59, 66, 67, 70, 73, 74, 79, 86] = (3 errors, first @ [0, 1])
[28, 31, 28, 23, 22, 18] = (4 errors, first @ [1, 2])
	Try: [55, 65, 67, 68, 71, 73, 76]
	Try: [62, 65, 67, 68, 71, 73, 76]
[55, 62, 65, 67, 68, 71, 73, 76] = (0 errors, first @ [0, 1])
[29, 28, 27, 24, 19, 18, 16, 12] = (2 errors, first @ [3, 4])
[85, 89, 90, 92, 90, 91, 93, 97] = (3 errors, first @ [0, 1])
[36, 31, 28, 31, 24] = (3 errors, first @ [0, 1])
[85, 82, 84, 87, 93, 95, 99] = (5 errors, first @ [1, 2])
[36, 37, 34, 36, 42] = (2 errors, first @ [1, 2])
[62, 62, 61, 54, 52, 51, 50, 45] = (7 errors, first @ [0, 1])
[87, 89, 83, 82, 80, 78, 76] = (5 errors, first @ [1, 2])
[22, 22, 24, 22, 19, 19] = (5 errors, first @ [0, 1])
[29, 36, 37, 38, 38, 41, 43] = (2 errors, first @ [0, 1])
[55, 58, 56, 52, 48] = (3 errors, first @ [1, 2])
[38, 38, 41, 43, 43, 43] = (5 errors, first @ [0, 1])
	Try: [63, 61, 59, 56, 53, 52, 49]
[63, 61, 59, 56, 53, 52, 49, 42] = (0 errors, first @ [6, 7])
[56, 63, 67, 70, 73, 75, 75] = (3 errors, first @ [0, 1])
[67, 63, 61, 59, 56, 53, 49, 47] = (2 errors, first @ [0, 1])
	Try: [76, 77, 79, 81, 82]
[76, 77, 79, 81, 82, 87] = (0 errors, first @ [4, 5])
[62, 58, 56, 55, 56, 55, 52, 52] = (3 errors, first @ [0, 1])
[62, 62, 63, 66, 70] = (4 errors, first @ [0, 1])
[52, 51, 55, 56, 59, 60] = (4 errors, first @ [1, 2])
[86, 79, 78, 73, 71] = (2 errors, first @ [0, 1])
[79, 79, 75, 73, 70, 69] = (5 errors, first @ [0, 1])
[38, 39, 40, 38, 38] = (2 errors, first @ [2, 3])
[62, 66, 67, 70, 73, 75, 79] = (2 errors, first @ [0, 1])
[36, 30, 29, 27, 22, 20, 19, 14] = (3 errors, first @ [0, 1])
[86, 86, 86, 88, 90, 96] = (5 errors, first @ [0, 1])
[28, 28, 25, 23, 20, 20] = (5 errors, first @ [0, 1])
[31, 37, 41, 43, 45, 49] = (3 errors, first @ [0, 1])
[88, 87, 84, 86, 87, 89, 89] = (4 errors, first @ [2, 3])
[82, 82, 81, 78, 78, 76, 77] = (6 errors, first @ [0, 1])
[43, 41, 46, 49, 52, 55, 56, 56] = (6 errors, first @ [1, 2])
[62, 64, 66, 70, 71, 74, 75, 74] = (2 errors, first @ [2, 3])
[69, 76, 73, 75, 76, 78, 78] = (3 errors, first @ [0, 1])
[94, 88, 85, 82, 82, 79, 79] = (3 errors, first @ [0, 1])
[37, 30, 28, 27, 21] = (2 errors, first @ [0, 1])
[11, 11, 9, 7, 2] = (4 errors, first @ [0, 1])
[31, 27, 26, 23, 22, 22, 19, 21] = (3 errors, first @ [0, 1])
[52, 48, 46, 45, 47, 45, 43] = (2 errors, first @ [0, 1])
[59, 53, 51, 47, 44, 41, 39, 41] = (3 errors, first @ [0, 1])
[66, 64, 67, 69, 71, 73, 73] = (5 errors, first @ [1, 2])
[68, 68, 71, 72, 73, 74, 72, 71] = (7 errors, first @ [0, 1])
[64, 57, 60, 57, 56, 57] = (3 errors, first @ [0, 1])
[55, 61, 64, 65, 72, 75, 77, 78] = (2 errors, first @ [0, 1])
[30, 29, 29, 27, 30] = (2 errors, first @ [1, 2])
[45, 45, 47, 49, 52, 56, 60] = (6 errors, first @ [0, 1])
[56, 62, 63, 66, 72, 76] = (3 errors, first @ [0, 1])
[36, 43, 45, 45, 45] = (3 errors, first @ [0, 1])
	Try: [83, 88, 91, 94, 95, 96, 97]
	Try: [87, 88, 91, 94, 95, 96, 97]
[83, 87, 88, 91, 94, 95, 96, 97] = (0 errors, first @ [0, 1])
[33, 26, 25, 22, 18] = (2 errors, first @ [0, 1])
[81, 78, 75, 73, 71, 68, 71, 65] = (2 errors, first @ [5, 6])
[27, 25, 28, 29, 32, 35, 34] = (4 errors, first @ [1, 2])
[59, 59, 57, 57, 56] = (4 errors, first @ [0, 1])
[84, 84, 87, 88, 93, 94, 94] = (6 errors, first @ [0, 1])
[49, 52, 52, 55, 61] = (2 errors, first @ [1, 2])
[87, 90, 88, 82, 80, 77, 74, 74] = (6 errors, first @ [1, 2])
[4, 9, 10, 11, 11, 18] = (3 errors, first @ [0, 1])
[82, 86, 87, 89, 91, 94, 97, 94] = (2 errors, first @ [0, 1])
[88, 84, 87, 86, 82] = (3 errors, first @ [0, 1])
[12, 9, 9, 12, 13, 16, 18, 16] = (5 errors, first @ [1, 2])
	Try: [51, 44, 41, 39, 36, 34]
	Try: [47, 44, 41, 39, 36, 34]
[51, 47, 44, 41, 39, 36, 34] = (0 errors, first @ [0, 1])
[34, 34, 39, 41, 44, 46, 50] = (6 errors, first @ [0, 1])
[22, 22, 20, 20, 19, 18, 17, 17] = (7 errors, first @ [0, 1])
[76, 78, 76, 73, 70, 69, 65] = (5 errors, first @ [1, 2])
	Try: [7, 8, 9, 12]
[7, 8, 9, 12, 12] = (0 errors, first @ [3, 4])
[21, 23, 24, 25, 27, 26, 29, 28] = (2 errors, first @ [4, 5])
[37, 36, 32, 30, 29, 28, 28] = (2 errors, first @ [1, 2])
[83, 80, 79, 76, 70, 68, 68] = (2 errors, first @ [3, 4])
[13, 17, 17, 20, 17] = (3 errors, first @ [0, 1])
[23, 23, 20, 17, 16, 11, 9, 5] = (7 errors, first @ [0, 1])
[26, 26, 30, 32, 35, 38, 38] = (6 errors, first @ [0, 1])
	Try: [32, 31, 30, 29, 27, 24]
[32, 31, 30, 29, 27, 24, 24] = (0 errors, first @ [5, 6])
[30, 34, 40, 43, 47] = (3 errors, first @ [0, 1])
[62, 68, 68, 69, 71, 72, 76] = (3 errors, first @ [0, 1])
[60, 57, 57, 59, 60, 63] = (4 errors, first @ [1, 2])
[24, 20, 19, 19, 18, 14] = (3 errors, first @ [0, 1])
	Try: [42, 39, 36, 35]
[42, 39, 36, 35, 38] = (0 errors, first @ [3, 4])
[64, 68, 69, 73, 71] = (3 errors, first @ [0, 1])
	Try: [42, 34, 32, 31, 28, 27, 24]
	Try: [35, 34, 32, 31, 28, 27, 24]
[42, 35, 34, 32, 31, 28, 27, 24] = (0 errors, first @ [0, 1])
[53, 55, 54, 51, 50, 48, 41] = (5 errors, first @ [1, 2])
[66, 66, 62, 60, 60] = (4 errors, first @ [0, 1])
[78, 82, 79, 81, 79] = (3 errors, first @ [0, 1])
[53, 53, 52, 51, 50, 49, 50, 51] = (7 errors, first @ [0, 1])
[11, 9, 12, 15, 19] = (3 errors, first @ [1, 2])
[45, 49, 51, 52, 53, 57, 64] = (3 errors, first @ [0, 1])
	Try: [17, 20, 25, 26]
	Try: [17, 24, 25, 26]
[17, 20, 24, 25, 26] = (1 errors, first @ [1, 2])
[74, 77, 75, 73, 72, 67, 62] = (5 errors, first @ [1, 2])
	Try: [81, 80, 72, 70, 68, 66]
	Try: [81, 74, 72, 70, 68, 66]
[81, 80, 74, 72, 70, 68, 66] = (1 errors, first @ [1, 2])
[88, 87, 90, 90, 90] = (3 errors, first @ [1, 2])
[45, 42, 40, 33, 30, 24] = (2 errors, first @ [2, 3])
[54, 61, 64, 62, 65, 66, 69, 75] = (3 errors, first @ [0, 1])
[35, 39, 39, 40, 42, 44] = (2 errors, first @ [0, 1])
[85, 90, 92, 94, 97, 95, 98, 96] = (3 errors, first @ [0, 1])
[48, 47, 44, 43, 42, 45, 44, 47] = (2 errors, first @ [4, 5])
	Try: [30, 33, 35, 37]
[30, 33, 35, 37, 36] = (0 errors, first @ [3, 4])
[84, 84, 83, 80, 78, 72, 72] = (6 errors, first @ [0, 1])
[3, 5, 6, 7, 10, 10, 14] = (2 errors, first @ [4, 5])
[80, 79, 82, 79, 76, 74, 70] = (2 errors, first @ [1, 2])
[28, 34, 38, 41, 47] = (3 errors, first @ [0, 1])
[66, 61, 58, 60, 56] = (3 errors, first @ [0, 1])
[94, 90, 89, 86, 83, 77, 76, 76] = (3 errors, first @ [0, 1])
[86, 84, 86, 87, 91, 91] = (4 errors, first @ [1, 2])
[80, 83, 80, 73, 70, 69, 71] = (4 errors, first @ [1, 2])
[77, 76, 78, 80, 77, 79, 82, 86] = (5 errors, first @ [1, 2])
[62, 57, 56, 51, 53] = (3 errors, first @ [0, 1])
[67, 70, 71, 73, 75, 77, 83, 83] = (2 errors, first @ [5, 6])
[28, 22, 15, 13, 11, 7] = (3 errors, first @ [0, 1])
[50, 50, 52, 53, 56, 53, 56] = (6 errors, first @ [0, 1])
[32, 32, 29, 25, 18] = (4 errors, first @ [0, 1])
[16, 17, 16, 15, 11, 11] = (4 errors, first @ [1, 2])
[34, 35, 32, 31, 34, 33, 33] = (4 errors, first @ [1, 2])
[64, 62, 60, 59, 57, 55, 55, 48] = (2 errors, first @ [5, 6])
[29, 30, 28, 27, 25, 23, 21] = (5 errors, first @ [1, 2])
[14, 11, 14, 20, 26] = (3 errors, first @ [1, 2])
[4, 7, 11, 12, 13, 14, 17, 22] = (2 errors, first @ [1, 2])
[94, 96, 93, 89, 88, 85, 80] = (5 errors, first @ [1, 2])
[79, 79, 80, 83, 83, 87] = (5 errors, first @ [0, 1])
[48, 47, 48, 51, 52, 53, 55] = (5 errors, first @ [1, 2])
[45, 50, 51, 52, 54, 52] = (2 errors, first @ [0, 1])
[1, 1, 4, 5, 7, 10, 8] = (6 errors, first @ [0, 1])
[41, 43, 41, 39, 39, 34] = (4 errors, first @ [1, 2])
[54, 56, 60, 62, 66] = (2 errors, first @ [1, 2])
[87, 83, 81, 78, 76, 73, 70, 73] = (2 errors, first @ [0, 1])
[84, 78, 76, 74, 70, 70] = (3 errors, first @ [0, 1])
[71, 70, 76, 78, 79, 80, 81, 80] = (5 errors, first @ [1, 2])
[36, 39, 36, 37, 36, 34, 31, 29] = (5 errors, first @ [1, 2])
[67, 71, 74, 75, 72, 73] = (2 errors, first @ [0, 1])
[68, 68, 66, 63, 59] = (4 errors, first @ [0, 1])
[39, 35, 33, 32, 29, 29] = (2 errors, first @ [0, 1])
[35, 36, 38, 40, 43, 41, 43, 47] = (2 errors, first @ [4, 5])
[34, 34, 32, 30, 32] = (4 errors, first @ [0, 1])
[49, 52, 50, 53, 51, 46] = (3 errors, first @ [1, 2])
[89, 86, 86, 88, 94] = (3 errors, first @ [1, 2])
[35, 37, 35, 33, 32, 29, 27, 29] = (5 errors, first @ [1, 2])
[16, 15, 13, 15, 16, 14] = (2 errors, first @ [2, 3])
[14, 14, 16, 16, 19, 20] = (5 errors, first @ [0, 1])
[41, 37, 35, 31, 27] = (3 errors, first @ [0, 1])
[9, 13, 16, 19, 21, 21, 23, 23] = (3 errors, first @ [0, 1])
[95, 95, 91, 89, 86, 84, 82, 83] = (7 errors, first @ [0, 1])
	Try: [11, 14, 24, 25]
	Try: [11, 21, 24, 25]
[11, 14, 21, 24, 25] = (1 errors, first @ [1, 2])
[30, 30, 24, 22, 19, 16, 13] = (6 errors, first @ [0, 1])
[36, 40, 42, 47, 52] = (3 errors, first @ [0, 1])
[52, 56, 58, 65, 65] = (3 errors, first @ [0, 1])
[47, 42, 40, 37, 34, 36, 36] = (3 errors, first @ [0, 1])
[78, 78, 80, 82, 83, 82, 86] = (6 errors, first @ [0, 1])
[62, 62, 58, 55, 51] = (4 errors, first @ [0, 1])
[87, 80, 77, 77, 75, 73, 67] = (3 errors, first @ [0, 1])
[90, 86, 84, 81, 80, 79, 74, 71] = (2 errors, first @ [0, 1])
	Try: [98, 96, 95, 93]
[98, 96, 96, 95, 93] = (0 errors, first @ [1, 2])
[11, 12, 15, 20, 23, 26, 30] = (2 errors, first @ [2, 3])
[97, 90, 90, 89, 87, 85] = (2 errors, first @ [0, 1])
[20, 20, 22, 20, 27] = (4 errors, first @ [0, 1])
[78, 80, 81, 81, 83, 83] = (2 errors, first @ [2, 3])
[96, 92, 93, 90, 87, 86, 80] = (3 errors, first @ [0, 1])
[71, 70, 71, 73, 75, 79, 77] = (4 errors, first @ [1, 2])
[38, 38, 39, 40, 43, 44, 45, 51] = (7 errors, first @ [0, 1])
[74, 67, 61, 58, 55, 53, 53] = (3 errors, first @ [0, 1])
[31, 38, 41, 42, 43, 45, 52] = (2 errors, first @ [0, 1])
[19, 19, 17, 19, 17, 11] = (5 errors, first @ [0, 1])
[81, 83, 81, 78, 76, 76] = (4 errors, first @ [1, 2])
[93, 89, 87, 85, 85, 84, 84] = (3 errors, first @ [0, 1])
[13, 13, 12, 10, 12, 11] = (5 errors, first @ [0, 1])
[40, 36, 34, 32, 25] = (2 errors, first @ [0, 1])
[10, 14, 18, 19, 23] = (3 errors, first @ [0, 1])
[33, 38, 35, 38, 41, 42, 46] = (3 errors, first @ [0, 1])
[62, 58, 52, 49, 45] = (3 errors, first @ [0, 1])
[9, 13, 14, 11, 12, 12] = (3 errors, first @ [0, 1])
[82, 83, 84, 85, 90, 96] = (2 errors, first @ [3, 4])
[74, 70, 68, 66, 65, 63, 59] = (2 errors, first @ [0, 1])
[31, 38, 42, 43, 46] = (2 errors, first @ [0, 1])
[43, 47, 51, 54, 55, 55] = (3 errors, first @ [0, 1])
[48, 48, 52, 54, 55, 53] = (5 errors, first @ [0, 1])
[29, 29, 30, 36, 39, 45] = (5 errors, first @ [0, 1])
[20, 20, 21, 23, 26, 27, 27] = (6 errors, first @ [0, 1])
[24, 31, 34, 36, 39, 41, 45, 44] = (3 errors, first @ [0, 1])
[84, 83, 87, 88, 92] = (3 errors, first @ [1, 2])
[45, 44, 39, 37, 35, 33, 32, 33] = (2 errors, first @ [1, 2])
[28, 21, 19, 19, 21] = (3 errors, first @ [0, 1])
[24, 20, 19, 15, 17] = (3 errors, first @ [0, 1])
	Try: [93, 92, 89, 88, 85, 84, 83]
[93, 92, 89, 88, 85, 84, 83, 79] = (0 errors, first @ [6, 7])
[32, 32, 32, 30, 27, 26, 22] = (6 errors, first @ [0, 1])
[21, 21, 21, 22, 21] = (4 errors, first @ [0, 1])
[19, 16, 12, 11, 6] = (2 errors, first @ [1, 2])
[32, 36, 36, 38, 45] = (3 errors, first @ [0, 1])
[92, 92, 90, 88, 88, 81] = (5 errors, first @ [0, 1])
[88, 85, 82, 78, 74] = (2 errors, first @ [2, 3])
[67, 70, 68, 65, 65, 63, 64] = (4 errors, first @ [1, 2])
[18, 24, 29, 32, 31] = (3 errors, first @ [0, 1])
[55, 48, 45, 42, 40, 38, 37, 37] = (2 errors, first @ [0, 1])
	Try: [22, 23, 24, 25, 27, 28, 30]
[22, 23, 24, 25, 27, 27, 28, 30] = (0 errors, first @ [4, 5])
[2, 6, 9, 11, 13, 10, 15] = (3 errors, first @ [0, 1])
[65, 67, 69, 72, 75, 80, 78] = (2 errors, first @ [4, 5])
[60, 60, 62, 66, 73] = (4 errors, first @ [0, 1])
[61, 61, 62, 61, 61] = (4 errors, first @ [0, 1])
[6, 9, 12, 10, 7, 3] = (3 errors, first @ [2, 3])
[83, 81, 83, 81, 81] = (2 errors, first @ [1, 2])
	Try: [98, 95, 95, 92, 89, 87]
	Try: [98, 98, 95, 92, 89, 87]
[98, 95, 98, 95, 92, 89, 87] = (1 errors, first @ [1, 2])
	Try: [82, 85, 87, 89, 90]
[82, 85, 87, 89, 90, 94] = (0 errors, first @ [4, 5])
[64, 68, 69, 70, 73, 75, 77, 83] = (2 errors, first @ [0, 1])
[68, 64, 63, 61, 59, 55, 52, 46] = (3 errors, first @ [0, 1])
[67, 71, 73, 76, 76] = (2 errors, first @ [0, 1])
[64, 63, 59, 58, 61] = (2 errors, first @ [1, 2])
	Try: [81, 80, 78, 76, 75, 70]
	Try: [81, 80, 78, 76, 71, 70]
[81, 80, 78, 76, 75, 71, 70] = (1 errors, first @ [4, 5])
[38, 45, 48, 49, 52, 53, 54, 54] = (2 errors, first @ [0, 1])
	Try: [31, 32, 33, 34, 37]
[31, 32, 30, 33, 34, 37] = (0 errors, first @ [1, 2])
[48, 48, 50, 47, 44, 43, 42, 38] = (7 errors, first @ [0, 1])
[24, 20, 18, 15, 15, 12, 7] = (3 errors, first @ [0, 1])
[52, 47, 46, 46, 43, 41, 37] = (3 errors, first @ [0, 1])
[57, 61, 68, 70, 67] = (3 errors, first @ [0, 1])
[38, 40, 38, 37, 37, 37] = (4 errors, first @ [1, 2])
[60, 53, 51, 50, 48, 44, 42, 40] = (2 errors, first @ [0, 1])
[69, 67, 64, 64, 63, 59] = (2 errors, first @ [2, 3])
[59, 58, 57, 55, 52] = (0 errors, first @ [-1, -1])
[29, 30, 32, 33, 35, 38] = (0 errors, first @ [-1, -1])
[41, 42, 44, 46, 47] = (0 errors, first @ [-1, -1])
[54, 57, 58, 59, 60, 62, 65, 66] = (0 errors, first @ [-1, -1])
[26, 27, 28, 31, 33, 34, 36, 37] = (0 errors, first @ [-1, -1])
[34, 31, 30, 29, 28, 27] = (0 errors, first @ [-1, -1])
[29, 30, 32, 34, 37] = (0 errors, first @ [-1, -1])
[52, 53, 55, 58, 61, 64, 65, 67] = (0 errors, first @ [-1, -1])
[31, 32, 35, 36, 37, 38, 39] = (0 errors, first @ [-1, -1])
[85, 82, 80, 79, 76] = (0 errors, first @ [-1, -1])
[56, 54, 52, 51, 50, 49] = (0 errors, first @ [-1, -1])
[16, 15, 13, 10, 7, 6] = (0 errors, first @ [-1, -1])
[2, 4, 6, 7, 8, 11] = (0 errors, first @ [-1, -1])
[67, 70, 72, 73, 76, 79, 81, 83] = (0 errors, first @ [-1, -1])
[27, 24, 23, 22, 20, 18, 15] = (0 errors, first @ [-1, -1])
[8, 10, 12, 13, 14, 16] = (0 errors, first @ [-1, -1])
[23, 22, 20, 17, 14, 11, 8, 5] = (0 errors, first @ [-1, -1])
[50, 49, 48, 46, 45, 44, 41] = (0 errors, first @ [-1, -1])
[37, 35, 33, 31, 30, 27, 25, 23] = (0 errors, first @ [-1, -1])
[19, 17, 16, 14, 13, 10, 8, 7] = (0 errors, first @ [-1, -1])
[78, 75, 74, 72, 69, 67, 65] = (0 errors, first @ [-1, -1])
[10, 11, 14, 15, 18, 19, 21, 23] = (0 errors, first @ [-1, -1])
[55, 53, 51, 48, 46] = (0 errors, first @ [-1, -1])
[71, 74, 75, 78, 81, 83, 84, 86] = (0 errors, first @ [-1, -1])
[21, 24, 27, 30, 31] = (0 errors, first @ [-1, -1])
[46, 49, 50, 51, 53, 54, 55, 58] = (0 errors, first @ [-1, -1])
[19, 18, 15, 14, 12, 10] = (0 errors, first @ [-1, -1])
[13, 14, 17, 20, 21] = (0 errors, first @ [-1, -1])
[63, 62, 60, 59, 56, 54, 52, 49] = (0 errors, first @ [-1, -1])
[73, 76, 78, 79, 82, 84, 85, 87] = (0 errors, first @ [-1, -1])
[54, 51, 50, 47, 45, 42] = (0 errors, first @ [-1, -1])
[57, 55, 52, 50, 47, 44, 41] = (0 errors, first @ [-1, -1])
[34, 32, 29, 26, 23, 21, 18, 15] = (0 errors, first @ [-1, -1])
[89, 88, 85, 84, 81, 78] = (0 errors, first @ [-1, -1])
[55, 58, 61, 64, 66, 68, 71] = (0 errors, first @ [-1, -1])
[67, 69, 72, 74, 77] = (0 errors, first @ [-1, -1])
[32, 29, 28, 25, 23, 20, 19, 16] = (0 errors, first @ [-1, -1])
[29, 30, 31, 33, 34, 37, 39, 41] = (0 errors, first @ [-1, -1])
[70, 67, 65, 62, 59] = (0 errors, first @ [-1, -1])
[66, 64, 62, 59, 58] = (0 errors, first @ [-1, -1])
[84, 86, 89, 91, 92, 93] = (0 errors, first @ [-1, -1])
[69, 71, 74, 77, 78, 79, 81, 83] = (0 errors, first @ [-1, -1])
[31, 28, 26, 25, 24, 22, 19, 17] = (0 errors, first @ [-1, -1])
[96, 95, 94, 91, 90, 88] = (0 errors, first @ [-1, -1])
[82, 85, 87, 88, 89, 92, 94] = (0 errors, first @ [-1, -1])
[30, 28, 27, 25, 23, 22, 20] = (0 errors, first @ [-1, -1])
[68, 65, 62, 60, 58, 57, 56, 53] = (0 errors, first @ [-1, -1])
[52, 53, 55, 57, 58, 60] = (0 errors, first @ [-1, -1])
[38, 35, 34, 31, 29, 28, 25] = (0 errors, first @ [-1, -1])
[40, 38, 36, 35, 34, 33, 31] = (0 errors, first @ [-1, -1])
[31, 32, 34, 37, 38, 40, 41] = (0 errors, first @ [-1, -1])
[35, 37, 40, 42, 44, 46] = (0 errors, first @ [-1, -1])
[45, 43, 40, 39, 38, 37] = (0 errors, first @ [-1, -1])
[46, 48, 51, 53, 55, 56, 59, 60] = (0 errors, first @ [-1, -1])
[26, 27, 29, 32, 34, 37, 40] = (0 errors, first @ [-1, -1])
[90, 91, 93, 96, 99] = (0 errors, first @ [-1, -1])
[78, 79, 80, 83, 84] = (0 errors, first @ [-1, -1])
[24, 25, 27, 28, 30, 33, 36] = (0 errors, first @ [-1, -1])
[97, 94, 93, 90, 89, 88] = (0 errors, first @ [-1, -1])
[58, 60, 61, 64, 66, 67] = (0 errors, first @ [-1, -1])
[82, 81, 80, 77, 74, 72, 69, 68] = (0 errors, first @ [-1, -1])
[82, 83, 84, 87, 90] = (0 errors, first @ [-1, -1])
[72, 73, 76, 78, 81, 84, 85] = (0 errors, first @ [-1, -1])
[25, 26, 28, 30, 33, 36, 38, 39] = (0 errors, first @ [-1, -1])
[87, 86, 83, 80, 79, 76, 73] = (0 errors, first @ [-1, -1])
[23, 24, 27, 29, 30, 31, 32] = (0 errors, first @ [-1, -1])
[60, 62, 65, 67, 70, 71, 72] = (0 errors, first @ [-1, -1])
[54, 56, 58, 61, 63] = (0 errors, first @ [-1, -1])
[45, 43, 40, 37, 35, 32, 31, 30] = (0 errors, first @ [-1, -1])
[41, 42, 43, 44, 46] = (0 errors, first @ [-1, -1])
[31, 34, 37, 40, 43, 45] = (0 errors, first @ [-1, -1])
[66, 68, 69, 72, 75] = (0 errors, first @ [-1, -1])
[78, 80, 83, 86, 89, 92, 94, 95] = (0 errors, first @ [-1, -1])
[86, 84, 82, 79, 78, 76] = (0 errors, first @ [-1, -1])
[94, 93, 92, 91, 88, 85, 82, 80] = (0 errors, first @ [-1, -1])
[18, 16, 14, 12, 11] = (0 errors, first @ [-1, -1])
[71, 69, 66, 64, 62, 60, 59] = (0 errors, first @ [-1, -1])
[88, 91, 92, 93, 96] = (0 errors, first @ [-1, -1])
[54, 57, 58, 61, 63, 64, 67, 69] = (0 errors, first @ [-1, -1])
[96, 95, 94, 92, 91, 90, 87] = (0 errors, first @ [-1, -1])
[28, 25, 23, 20, 18, 17, 14, 12] = (0 errors, first @ [-1, -1])
[88, 91, 92, 94, 97] = (0 errors, first @ [-1, -1])
[51, 54, 56, 58, 60, 63, 66, 68] = (0 errors, first @ [-1, -1])
[26, 27, 30, 32, 35] = (0 errors, first @ [-1, -1])
[70, 71, 73, 76, 77, 78] = (0 errors, first @ [-1, -1])
[14, 12, 10, 7, 4, 2] = (0 errors, first @ [-1, -1])
[4, 7, 9, 11, 13, 16] = (0 errors, first @ [-1, -1])
[64, 63, 62, 61, 58] = (0 errors, first @ [-1, -1])
[26, 29, 32, 33, 35, 37, 40] = (0 errors, first @ [-1, -1])
[81, 84, 87, 89, 90] = (0 errors, first @ [-1, -1])
[29, 30, 31, 33, 36] = (0 errors, first @ [-1, -1])
[31, 29, 26, 23, 20] = (0 errors, first @ [-1, -1])
[91, 90, 88, 87, 84, 83, 80, 79] = (0 errors, first @ [-1, -1])
[31, 33, 34, 37, 39, 41, 42] = (0 errors, first @ [-1, -1])
[73, 71, 70, 67, 64, 63, 61, 58] = (0 errors, first @ [-1, -1])
[90, 88, 85, 84, 82, 81, 80, 79] = (0 errors, first @ [-1, -1])
[14, 11, 10, 9, 8, 7, 4] = (0 errors, first @ [-1, -1])
[50, 52, 55, 58, 61, 62] = (0 errors, first @ [-1, -1])
[39, 36, 33, 32, 30] = (0 errors, first @ [-1, -1])
[84, 87, 88, 89, 90, 93] = (0 errors, first @ [-1, -1])
[20, 22, 23, 24, 27, 28] = (0 errors, first @ [-1, -1])
[94, 91, 88, 86, 83, 80] = (0 errors, first @ [-1, -1])
[21, 23, 25, 28, 29, 32, 33] = (0 errors, first @ [-1, -1])
[27, 26, 23, 21, 20] = (0 errors, first @ [-1, -1])
[70, 71, 73, 75, 76, 79, 82] = (0 errors, first @ [-1, -1])
[24, 27, 28, 29, 30] = (0 errors, first @ [-1, -1])
[11, 13, 15, 17, 19, 21, 22] = (0 errors, first @ [-1, -1])
[58, 57, 56, 53, 50, 49] = (0 errors, first @ [-1, -1])
[73, 74, 76, 78, 79, 80, 82, 85] = (0 errors, first @ [-1, -1])
[49, 48, 46, 45, 43] = (0 errors, first @ [-1, -1])
[25, 28, 29, 31, 33, 34] = (0 errors, first @ [-1, -1])
[79, 77, 74, 72, 70, 68] = (0 errors, first @ [-1, -1])
[78, 76, 74, 72, 69, 67, 66] = (0 errors, first @ [-1, -1])
[86, 84, 83, 80, 78] = (0 errors, first @ [-1, -1])
[69, 67, 66, 65, 64, 63, 62, 59] = (0 errors, first @ [-1, -1])
[26, 24, 22, 20, 18, 15] = (0 errors, first @ [-1, -1])
[63, 66, 67, 69, 71, 73, 76] = (0 errors, first @ [-1, -1])
[45, 44, 41, 40, 38] = (0 errors, first @ [-1, -1])
[92, 91, 90, 88, 87] = (0 errors, first @ [-1, -1])
[16, 17, 20, 21, 22, 23] = (0 errors, first @ [-1, -1])
[12, 14, 15, 16, 19] = (0 errors, first @ [-1, -1])
[76, 79, 82, 83, 86] = (0 errors, first @ [-1, -1])
[28, 26, 25, 23, 20, 19, 17, 15] = (0 errors, first @ [-1, -1])
[47, 46, 44, 43, 40, 39] = (0 errors, first @ [-1, -1])
[97, 94, 93, 90, 89, 88, 85, 83] = (0 errors, first @ [-1, -1])
[8, 11, 13, 16, 17] = (0 errors, first @ [-1, -1])
[4, 6, 9, 12, 15, 18] = (0 errors, first @ [-1, -1])
[72, 69, 68, 66, 63, 62, 60, 57] = (0 errors, first @ [-1, -1])
[67, 68, 69, 71, 73, 74] = (0 errors, first @ [-1, -1])
[36, 35, 33, 32, 30] = (0 errors, first @ [-1, -1])
[59, 56, 55, 52, 51, 50] = (0 errors, first @ [-1, -1])
[8, 11, 14, 15, 17] = (0 errors, first @ [-1, -1])
[57, 60, 63, 65, 67, 70, 73, 75] = (0 errors, first @ [-1, -1])
[72, 75, 76, 78, 79, 81, 84, 85] = (0 errors, first @ [-1, -1])
[9, 11, 14, 15, 18, 20] = (0 errors, first @ [-1, -1])
[71, 72, 73, 75, 77, 78, 79, 81] = (0 errors, first @ [-1, -1])
[60, 59, 58, 55, 54, 51, 49] = (0 errors, first @ [-1, -1])
[46, 44, 42, 40, 39, 36] = (0 errors, first @ [-1, -1])
[70, 71, 72, 73, 75, 76] = (0 errors, first @ [-1, -1])
[70, 69, 66, 64, 62, 61] = (0 errors, first @ [-1, -1])
[63, 66, 67, 70, 73, 74, 75] = (0 errors, first @ [-1, -1])
[22, 25, 28, 29, 31, 34, 35] = (0 errors, first @ [-1, -1])
[97, 94, 91, 90, 87, 85, 84, 83] = (0 errors, first @ [-1, -1])
[95, 93, 90, 89, 86, 85, 84, 83] = (0 errors, first @ [-1, -1])
[92, 89, 87, 86, 85, 83, 81] = (0 errors, first @ [-1, -1])
[75, 72, 70, 68, 67] = (0 errors, first @ [-1, -1])
[85, 82, 81, 79, 76] = (0 errors, first @ [-1, -1])
[34, 36, 38, 39, 40, 41, 42, 44] = (0 errors, first @ [-1, -1])
[29, 27, 24, 22, 21] = (0 errors, first @ [-1, -1])
[36, 35, 33, 30, 28, 26, 23] = (0 errors, first @ [-1, -1])
[63, 64, 67, 68, 70, 73] = (0 errors, first @ [-1, -1])
[76, 78, 81, 84, 86] = (0 errors, first @ [-1, -1])
[35, 33, 32, 30, 27] = (0 errors, first @ [-1, -1])
[31, 28, 27, 24, 22, 19] = (0 errors, first @ [-1, -1])
[46, 43, 42, 39, 37, 34, 31, 29] = (0 errors, first @ [-1, -1])
[71, 72, 75, 78, 79, 80, 83] = (0 errors, first @ [-1, -1])
[4, 5, 6, 7, 9, 10] = (0 errors, first @ [-1, -1])
[66, 67, 70, 71, 73, 74, 77, 80] = (0 errors, first @ [-1, -1])
[75, 74, 72, 71, 68] = (0 errors, first @ [-1, -1])
[84, 82, 81, 79, 78, 77, 75, 72] = (0 errors, first @ [-1, -1])
[34, 33, 32, 30, 29] = (0 errors, first @ [-1, -1])
[47, 48, 51, 54, 56, 59, 60, 63] = (0 errors, first @ [-1, -1])
[93, 90, 87, 86, 84, 83] = (0 errors, first @ [-1, -1])
[24, 25, 27, 30, 32, 35, 37] = (0 errors, first @ [-1, -1])
[75, 77, 80, 81, 83, 85, 87] = (0 errors, first @ [-1, -1])
[82, 79, 77, 75, 72, 70] = (0 errors, first @ [-1, -1])
[74, 75, 78, 80, 81, 84, 86, 88] = (0 errors, first @ [-1, -1])
[82, 79, 78, 77, 76, 73, 71, 68] = (0 errors, first @ [-1, -1])
[69, 66, 64, 63, 60, 57, 56, 54] = (0 errors, first @ [-1, -1])
[21, 18, 16, 13, 11] = (0 errors, first @ [-1, -1])
[38, 39, 42, 44, 45, 47, 49, 52] = (0 errors, first @ [-1, -1])
[73, 74, 76, 78, 81, 82] = (0 errors, first @ [-1, -1])
[12, 15, 18, 19, 20, 23, 25, 27] = (0 errors, first @ [-1, -1])
[30, 33, 35, 36, 39, 40] = (0 errors, first @ [-1, -1])
[79, 81, 82, 85, 86, 87, 89, 90] = (0 errors, first @ [-1, -1])
[15, 16, 18, 21, 24] = (0 errors, first @ [-1, -1])
[34, 35, 37, 39, 42, 43] = (0 errors, first @ [-1, -1])
[10, 11, 14, 15, 18] = (0 errors, first @ [-1, -1])
[35, 37, 38, 40, 43, 46, 47] = (0 errors, first @ [-1, -1])
[50, 53, 55, 57, 59, 61, 62, 64] = (0 errors, first @ [-1, -1])
[90, 92, 93, 94, 96] = (0 errors, first @ [-1, -1])
[2, 4, 6, 7, 9] = (0 errors, first @ [-1, -1])
[22, 21, 18, 16, 15, 13, 10, 8] = (0 errors, first @ [-1, -1])
[1, 2, 4, 7, 10, 13, 14, 17] = (0 errors, first @ [-1, -1])
[25, 23, 21, 19, 16, 14, 11, 10] = (0 errors, first @ [-1, -1])
[36, 33, 32, 31, 28, 26] = (0 errors, first @ [-1, -1])
[57, 60, 63, 65, 66, 69, 71] = (0 errors, first @ [-1, -1])
[35, 36, 38, 39, 41, 43, 44] = (0 errors, first @ [-1, -1])
[13, 14, 16, 17, 18, 20] = (0 errors, first @ [-1, -1])
[33, 30, 29, 27, 24, 23, 21] = (0 errors, first @ [-1, -1])
[48, 45, 44, 42, 41, 39] = (0 errors, first @ [-1, -1])
[97, 95, 92, 91, 88, 85] = (0 errors, first @ [-1, -1])
[83, 80, 79, 76, 73] = (0 errors, first @ [-1, -1])
[73, 71, 69, 67, 64, 61, 58, 56] = (0 errors, first @ [-1, -1])
[78, 79, 82, 85, 86, 87, 90] = (0 errors, first @ [-1, -1])
[12, 14, 17, 19, 21, 22, 23, 25] = (0 errors, first @ [-1, -1])
[25, 26, 29, 31, 32, 33, 36, 38] = (0 errors, first @ [-1, -1])
[29, 26, 25, 24, 23, 22, 20] = (0 errors, first @ [-1, -1])
[48, 46, 44, 41, 38, 35, 33, 32] = (0 errors, first @ [-1, -1])
[74, 73, 72, 71, 70, 67, 64] = (0 errors, first @ [-1, -1])
[90, 89, 86, 83, 82, 81, 79, 76] = (0 errors, first @ [-1, -1])
[30, 32, 33, 36, 39, 40, 41, 43] = (0 errors, first @ [-1, -1])
[12, 14, 16, 18, 21, 22, 23, 25] = (0 errors, first @ [-1, -1])
[21, 19, 18, 16, 15] = (0 errors, first @ [-1, -1])
[41, 42, 43, 44, 45, 48, 50, 53] = (0 errors, first @ [-1, -1])
[25, 27, 30, 31, 34] = (0 errors, first @ [-1, -1])
[29, 31, 34, 35, 36, 39, 40, 43] = (0 errors, first @ [-1, -1])
[78, 75, 74, 73, 70, 67] = (0 errors, first @ [-1, -1])
[85, 84, 82, 81, 80, 79] = (0 errors, first @ [-1, -1])
[77, 76, 75, 73, 72, 69, 66, 65] = (0 errors, first @ [-1, -1])
[22, 24, 26, 27, 30, 33, 35, 37] = (0 errors, first @ [-1, -1])
[11, 12, 14, 17, 20, 22, 23] = (0 errors, first @ [-1, -1])
[78, 79, 81, 82, 84] = (0 errors, first @ [-1, -1])
[62, 65, 68, 69, 71, 74] = (0 errors, first @ [-1, -1])
[30, 31, 34, 37, 39, 42, 43, 46] = (0 errors, first @ [-1, -1])
[22, 23, 25, 28, 31, 32, 35, 36] = (0 errors, first @ [-1, -1])
[2, 4, 6, 7, 8] = (0 errors, first @ [-1, -1])
[14, 11, 8, 7, 6, 5, 4, 1] = (0 errors, first @ [-1, -1])
[44, 45, 48, 49, 51, 54] = (0 errors, first @ [-1, -1])
[37, 38, 39, 42, 45, 46] = (0 errors, first @ [-1, -1])
[98, 96, 94, 93, 90, 87] = (0 errors, first @ [-1, -1])
[51, 52, 54, 56, 57, 58] = (0 errors, first @ [-1, -1])
[13, 14, 15, 18, 20, 22] = (0 errors, first @ [-1, -1])
[49, 46, 45, 44, 43] = (0 errors, first @ [-1, -1])
[60, 61, 62, 63, 64, 67] = (0 errors, first @ [-1, -1])
[90, 87, 84, 82, 81] = (0 errors, first @ [-1, -1])
[62, 60, 59, 58, 55, 53, 50] = (0 errors, first @ [-1, -1])
[92, 91, 89, 87, 85, 82] = (0 errors, first @ [-1, -1])
[66, 64, 63, 60, 58, 55, 54, 53] = (0 errors, first @ [-1, -1])
[84, 86, 88, 90, 93, 94, 96] = (0 errors, first @ [-1, -1])
[23, 24, 25, 27, 28, 30, 32, 35] = (0 errors, first @ [-1, -1])
[55, 58, 59, 61, 62, 63, 64, 65] = (0 errors, first @ [-1, -1])
[52, 53, 54, 56, 57, 58, 61] = (0 errors, first @ [-1, -1])
[84, 83, 81, 80, 78, 75] = (0 errors, first @ [-1, -1])
[29, 27, 24, 21, 20, 19, 17] = (0 errors, first @ [-1, -1])
[45, 46, 47, 49, 50, 51, 53, 54] = (0 errors, first @ [-1, -1])
[34, 36, 38, 40, 41, 42, 44] = (0 errors, first @ [-1, -1])
[74, 76, 78, 81, 84, 85, 87] = (0 errors, first @ [-1, -1])
[6, 7, 10, 13, 14, 17, 20, 21] = (0 errors, first @ [-1, -1])
[37, 35, 32, 31, 29] = (0 errors, first @ [-1, -1])
[77, 79, 80, 83, 86, 87] = (0 errors, first @ [-1, -1])
[84, 83, 81, 79, 76, 75] = (0 errors, first @ [-1, -1])
[31, 32, 33, 35, 36, 39] = (0 errors, first @ [-1, -1])
[47, 50, 51, 53, 55, 57, 60] = (0 errors, first @ [-1, -1])
[6, 9, 10, 11, 14, 16, 18] = (0 errors, first @ [-1, -1])
[22, 23, 26, 28, 29, 30, 33, 35] = (0 errors, first @ [-1, -1])
[95, 93, 92, 89, 88, 86] = (0 errors, first @ [-1, -1])
[30, 33, 34, 36, 37, 39, 41] = (0 errors, first @ [-1, -1])
[59, 56, 54, 52, 51, 49, 46, 44] = (0 errors, first @ [-1, -1])
[49, 50, 53, 56, 57, 58] = (0 errors, first @ [-1, -1])
[10, 12, 13, 14, 17] = (0 errors, first @ [-1, -1])
[77, 78, 81, 83, 85, 87, 90, 93] = (0 errors, first @ [-1, -1])
[89, 88, 85, 83, 81] = (0 errors, first @ [-1, -1])
[97, 96, 94, 93, 92, 91, 90, 88] = (0 errors, first @ [-1, -1])
[40, 42, 43, 45, 48, 49] = (0 errors, first @ [-1, -1])
[96, 93, 90, 87, 84] = (0 errors, first @ [-1, -1])
[46, 49, 52, 53, 54, 55, 57] = (0 errors, first @ [-1, -1])
[70, 67, 65, 64, 63] = (0 errors, first @ [-1, -1])
[60, 58, 55, 54, 53, 51, 49] = (0 errors, first @ [-1, -1])
[78, 80, 83, 86, 89, 91, 93] = (0 errors, first @ [-1, -1])
[42, 39, 37, 35, 32, 31, 30] = (0 errors, first @ [-1, -1])
[69, 71, 74, 77, 79] = (0 errors, first @ [-1, -1])
[46, 48, 50, 52, 54] = (0 errors, first @ [-1, -1])
[1, 2, 4, 5, 8, 10] = (0 errors, first @ [-1, -1])
[15, 12, 11, 9, 7] = (0 errors, first @ [-1, -1])
[70, 72, 75, 76, 79, 82, 85] = (0 errors, first @ [-1, -1])
[66, 67, 70, 72, 74, 75] = (0 errors, first @ [-1, -1])
[3, 6, 8, 10, 13, 16] = (0 errors, first @ [-1, -1])
[5, 8, 11, 13, 15, 18] = (0 errors, first @ [-1, -1])
[83, 82, 81, 78, 76, 75] = (0 errors, first @ [-1, -1])
[22, 21, 18, 16, 14, 11] = (0 errors, first @ [-1, -1])
[86, 83, 82, 81, 80, 78, 77, 76] = (0 errors, first @ [-1, -1])
[99, 98, 95, 92, 90, 88, 86, 84] = (0 errors, first @ [-1, -1])
[69, 67, 65, 64, 63] = (0 errors, first @ [-1, -1])
[14, 15, 18, 21, 23, 25, 27] = (0 errors, first @ [-1, -1])
[77, 78, 80, 81, 84, 86, 87] = (0 errors, first @ [-1, -1])
[97, 94, 91, 88, 85, 84, 82, 81] = (0 errors, first @ [-1, -1])
[7, 8, 9, 10, 11] = (0 errors, first @ [-1, -1])
[42, 43, 44, 46, 48, 51] = (0 errors, first @ [-1, -1])
[97, 95, 92, 91, 90, 87] = (0 errors, first @ [-1, -1])
[81, 82, 83, 84, 86, 87, 89, 92] = (0 errors, first @ [-1, -1])
[69, 70, 71, 74, 77, 80, 82, 83] = (0 errors, first @ [-1, -1])
[68, 70, 73, 76, 79] = (0 errors, first @ [-1, -1])
[29, 26, 23, 22, 20, 17] = (0 errors, first @ [-1, -1])
[4, 6, 8, 11, 13, 14] = (0 errors, first @ [-1, -1])
[36, 38, 39, 40, 41, 42] = (0 errors, first @ [-1, -1])
[4, 5, 7, 9, 11, 14, 17, 20] = (0 errors, first @ [-1, -1])
[35, 33, 30, 28, 27, 24, 21] = (0 errors, first @ [-1, -1])
[59, 61, 62, 63, 65, 68, 70] = (0 errors, first @ [-1, -1])
[5, 8, 11, 13, 14, 15, 18] = (0 errors, first @ [-1, -1])
[56, 58, 59, 62, 65, 67, 70] = (0 errors, first @ [-1, -1])
[65, 66, 69, 70, 71, 74, 75] = (0 errors, first @ [-1, -1])
[15, 17, 18, 19, 22, 23] = (0 errors, first @ [-1, -1])
[46, 45, 43, 42, 39, 37, 34, 31] = (0 errors, first @ [-1, -1])
[65, 62, 60, 59, 58] = (0 errors, first @ [-1, -1])
[29, 26, 23, 21, 19, 18] = (0 errors, first @ [-1, -1])
[65, 63, 62, 60, 58, 56, 53] = (0 errors, first @ [-1, -1])
[16, 13, 11, 8, 5, 2, 1] = (0 errors, first @ [-1, -1])
[75, 73, 71, 70, 69] = (0 errors, first @ [-1, -1])
[89, 86, 84, 82, 81, 79, 78, 76] = (0 errors, first @ [-1, -1])
[85, 83, 82, 81, 80, 79, 78, 77] = (0 errors, first @ [-1, -1])
[95, 92, 90, 89, 87, 85, 82] = (0 errors, first @ [-1, -1])
[56, 59, 61, 64, 66, 69] = (0 errors, first @ [-1, -1])
[84, 85, 87, 90, 91] = (0 errors, first @ [-1, -1])
[10, 11, 13, 15, 18, 19] = (0 errors, first @ [-1, -1])
[67, 65, 63, 60, 58, 56, 55] = (0 errors, first @ [-1, -1])
[82, 85, 86, 89, 91, 92] = (0 errors, first @ [-1, -1])
[80, 79, 78, 75, 72] = (0 errors, first @ [-1, -1])
[54, 51, 49, 46, 45, 43] = (0 errors, first @ [-1, -1])
[81, 79, 76, 75, 74, 71, 70, 67] = (0 errors, first @ [-1, -1])
[58, 60, 62, 63, 66, 69] = (0 errors, first @ [-1, -1])
[85, 84, 83, 81, 78, 77, 75] = (0 errors, first @ [-1, -1])
[59, 61, 63, 66, 68] = (0 errors, first @ [-1, -1])
[38, 36, 34, 31, 30] = (0 errors, first @ [-1, -1])
[59, 62, 65, 66, 68] = (0 errors, first @ [-1, -1])
[70, 69, 67, 66, 65, 64, 62, 60] = (0 errors, first @ [-1, -1])
[31, 29, 28, 25, 24, 21, 19, 16] = (0 errors, first @ [-1, -1])
[49, 46, 44, 43, 40, 39, 38] = (0 errors, first @ [-1, -1])
[20, 18, 17, 16, 14, 11, 9] = (0 errors, first @ [-1, -1])
[80, 78, 75, 73, 72, 70, 67] = (0 errors, first @ [-1, -1])
[71, 70, 69, 68, 66, 65, 63, 61] = (0 errors, first @ [-1, -1])
[49, 52, 54, 57, 59, 60, 61] = (0 errors, first @ [-1, -1])
[38, 41, 43, 46, 47, 50] = (0 errors, first @ [-1, -1])
[44, 41, 39, 37, 34, 33] = (0 errors, first @ [-1, -1])
[80, 79, 76, 75, 74] = (0 errors, first @ [-1, -1])
[20, 23, 26, 29, 31, 32, 33, 36] = (0 errors, first @ [-1, -1])
[76, 78, 79, 82, 84] = (0 errors, first @ [-1, -1])
[29, 27, 26, 23, 21] = (0 errors, first @ [-1, -1])
[22, 25, 28, 31, 32, 33] = (0 errors, first @ [-1, -1])
[30, 28, 26, 23, 21] = (0 errors, first @ [-1, -1])
[10, 12, 15, 18, 19, 22] = (0 errors, first @ [-1, -1])
[57, 59, 62, 64, 65, 67, 68] = (0 errors, first @ [-1, -1])
[85, 82, 80, 77, 76, 73, 71, 68] = (0 errors, first @ [-1, -1])
[29, 28, 26, 24, 21, 18, 17] = (0 errors, first @ [-1, -1])
[11, 12, 15, 16, 17, 20] = (0 errors, first @ [-1, -1])
[53, 52, 49, 46, 45, 42] = (0 errors, first @ [-1, -1])
[64, 65, 67, 70, 72, 74, 77, 78] = (0 errors, first @ [-1, -1])
[4, 5, 8, 11, 14] = (0 errors, first @ [-1, -1])
[43, 44, 45, 46, 47, 50, 52, 55] = (0 errors, first @ [-1, -1])
[88, 89, 92, 95, 96, 99] = (0 errors, first @ [-1, -1])
[1, 3, 6, 9, 10, 13] = (0 errors, first @ [-1, -1])
[44, 43, 41, 38, 36] = (0 errors, first @ [-1, -1])
[72, 69, 66, 63, 61, 58] = (0 errors, first @ [-1, -1])
[69, 70, 73, 76, 79, 81] = (0 errors, first @ [-1, -1])
[85, 87, 89, 90, 93, 96] = (0 errors, first @ [-1, -1])
[64, 62, 60, 57, 56, 53, 51, 50] = (0 errors, first @ [-1, -1])
[75, 77, 79, 81, 83, 85] = (0 errors, first @ [-1, -1])
[6, 8, 9, 11, 12] = (0 errors, first @ [-1, -1])
[57, 58, 61, 62, 64, 67] = (0 errors, first @ [-1, -1])
[14, 13, 10, 7, 6, 4, 1] = (0 errors, first @ [-1, -1])
[66, 69, 71, 72, 75, 76] = (0 errors, first @ [-1, -1])
[22, 20, 19, 16, 14] = (0 errors, first @ [-1, -1])
[57, 54, 53, 50, 47, 46, 43, 40] = (0 errors, first @ [-1, -1])
[18, 16, 15, 14, 12, 9, 8] = (0 errors, first @ [-1, -1])
[80, 79, 76, 75, 72, 69, 66, 63] = (0 errors, first @ [-1, -1])
[9, 10, 11, 12, 15, 16, 17] = (0 errors, first @ [-1, -1])
[27, 28, 31, 33, 36, 39] = (0 errors, first @ [-1, -1])
[37, 36, 33, 32, 31, 30, 27] = (0 errors, first @ [-1, -1])
[71, 69, 67, 64, 61, 58, 55] = (0 errors, first @ [-1, -1])
[46, 45, 44, 41, 39, 36] = (0 errors, first @ [-1, -1])
[21, 18, 15, 13, 10] = (0 errors, first @ [-1, -1])
[38, 36, 33, 31, 30, 27, 26, 24] = (0 errors, first @ [-1, -1])
[11, 13, 16, 17, 19, 21, 24, 27] = (0 errors, first @ [-1, -1])
[21, 24, 26, 29, 30, 33] = (0 errors, first @ [-1, -1])
[94, 92, 89, 88, 85, 84, 81, 79] = (0 errors, first @ [-1, -1])
[13, 15, 16, 17, 18] = (0 errors, first @ [-1, -1])
[58, 59, 61, 63, 66] = (0 errors, first @ [-1, -1])
[23, 25, 27, 29, 32, 35, 36] = (0 errors, first @ [-1, -1])
[56, 59, 61, 63, 66, 69, 71, 74] = (0 errors, first @ [-1, -1])
[84, 85, 88, 89, 92, 95] = (0 errors, first @ [-1, -1])
[78, 81, 84, 87, 90, 91, 93] = (0 errors, first @ [-1, -1])
[26, 25, 22, 21, 19, 16] = (0 errors, first @ [-1, -1])
[44, 41, 38, 37, 36, 33] = (0 errors, first @ [-1, -1])
[80, 79, 78, 76, 74, 72, 70, 68] = (0 errors, first @ [-1, -1])
[27, 29, 30, 32, 35, 36] = (0 errors, first @ [-1, -1])
[75, 73, 72, 70, 67, 64, 61, 60] = (0 errors, first @ [-1, -1])
[59, 61, 64, 66, 69, 72, 73] = (0 errors, first @ [-1, -1])
[39, 38, 36, 34, 31, 30, 27, 25] = (0 errors, first @ [-1, -1])
[3, 4, 5, 7, 10, 11] = (0 errors, first @ [-1, -1])
[73, 75, 76, 77, 80, 81] = (0 errors, first @ [-1, -1])
[58, 60, 62, 65, 68, 69] = (0 errors, first @ [-1, -1])
[76, 79, 80, 83, 86, 89, 90, 91] = (0 errors, first @ [-1, -1])
[12, 9, 6, 3, 2, 1] = (0 errors, first @ [-1, -1])
[52, 53, 54, 56, 59, 61, 62, 64] = (0 errors, first @ [-1, -1])
[72, 73, 74, 77, 79] = (0 errors, first @ [-1, -1])
[75, 72, 71, 70, 69, 66, 63] = (0 errors, first @ [-1, -1])
[48, 46, 45, 44, 43, 42, 39] = (0 errors, first @ [-1, -1])
[70, 71, 73, 74, 76, 79, 81, 84] = (0 errors, first @ [-1, -1])
[90, 93, 96, 98, 99] = (0 errors, first @ [-1, -1])
[45, 46, 47, 50, 53, 55, 58, 61] = (0 errors, first @ [-1, -1])
[65, 68, 69, 72, 73, 75, 78, 81] = (0 errors, first @ [-1, -1])
[47, 46, 43, 40, 37, 34] = (0 errors, first @ [-1, -1])
[13, 12, 9, 8, 6, 5, 4, 1] = (0 errors, first @ [-1, -1])
[80, 77, 75, 73, 72, 69, 67, 66] = (0 errors, first @ [-1, -1])
[40, 42, 44, 46, 47, 50] = (0 errors, first @ [-1, -1])
[64, 67, 68, 69, 72, 73, 74, 76] = (0 errors, first @ [-1, -1])
[1, 3, 6, 8, 9, 11] = (0 errors, first @ [-1, -1])
[24, 21, 20, 18, 17] = (0 errors, first @ [-1, -1])
[53, 56, 58, 60, 62, 65] = (0 errors, first @ [-1, -1])
[77, 78, 80, 83, 85, 87] = (0 errors, first @ [-1, -1])
[8, 10, 13, 16, 19, 21, 23] = (0 errors, first @ [-1, -1])
[30, 28, 26, 24, 22] = (0 errors, first @ [-1, -1])
[27, 25, 22, 19, 18, 17] = (0 errors, first @ [-1, -1])
[79, 76, 73, 71, 69, 68, 65, 62] = (0 errors, first @ [-1, -1])
[79, 76, 74, 72, 70] = (0 errors, first @ [-1, -1])
[72, 71, 68, 66, 63, 62, 61, 59] = (0 errors, first @ [-1, -1])
[51, 53, 54, 55, 57, 60, 61, 64] = (0 errors, first @ [-1, -1])
[82, 85, 86, 87, 90, 91, 93, 95] = (0 errors, first @ [-1, -1])
[32, 31, 28, 26, 24, 23, 22] = (0 errors, first @ [-1, -1])
[80, 77, 74, 71, 68] = (0 errors, first @ [-1, -1])
[63, 60, 59, 56, 53] = (0 errors, first @ [-1, -1])
[97, 96, 93, 91, 88, 87] = (0 errors, first @ [-1, -1])
[19, 17, 14, 11, 9] = (0 errors, first @ [-1, -1])
[36, 38, 41, 43, 46, 49, 51, 52] = (0 errors, first @ [-1, -1])
[53, 56, 59, 62, 63, 65, 66] = (0 errors, first @ [-1, -1])
[78, 81, 83, 85, 88, 89, 92, 94] = (0 errors, first @ [-1, -1])
[11, 12, 13, 16, 17] = (0 errors, first @ [-1, -1])
[34, 37, 38, 39, 42] = (0 errors, first @ [-1, -1])
[51, 48, 45, 44, 41, 40] = (0 errors, first @ [-1, -1])
[37, 35, 34, 32, 30, 29, 28, 26] = (0 errors, first @ [-1, -1])
[79, 76, 75, 73, 71, 69, 67, 65] = (0 errors, first @ [-1, -1])
[74, 71, 68, 66, 63, 62, 60] = (0 errors, first @ [-1, -1])
[87, 88, 89, 90, 93, 95] = (0 errors, first @ [-1, -1])
[33, 30, 29, 26, 25, 23, 22, 19] = (0 errors, first @ [-1, -1])
[27, 26, 24, 22, 19, 17, 15, 13] = (0 errors, first @ [-1, -1])
[39, 38, 37, 36, 35, 33, 32] = (0 errors, first @ [-1, -1])
[52, 49, 46, 43, 42, 40, 37] = (0 errors, first @ [-1, -1])
[33, 36, 39, 41, 43, 46] = (0 errors, first @ [-1, -1])
[29, 28, 27, 26, 24, 21] = (0 errors, first @ [-1, -1])
[66, 68, 70, 71, 72, 73] = (0 errors, first @ [-1, -1])
[38, 37, 34, 33, 31] = (0 errors, first @ [-1, -1])
[90, 89, 88, 86, 84, 81, 80, 78] = (0 errors, first @ [-1, -1])
[23, 25, 27, 30, 31, 33] = (0 errors, first @ [-1, -1])
[49, 47, 44, 42, 41, 38, 37] = (0 errors, first @ [-1, -1])
[88, 85, 84, 81, 78] = (0 errors, first @ [-1, -1])
[42, 44, 45, 46, 47, 49, 51] = (0 errors, first @ [-1, -1])
[35, 37, 38, 40, 41, 42, 45] = (0 errors, first @ [-1, -1])
[94, 95, 96, 97, 98] = (0 errors, first @ [-1, -1])
[39, 36, 33, 32, 29, 26] = (0 errors, first @ [-1, -1])
[58, 60, 61, 63, 64] = (0 errors, first @ [-1, -1])
[52, 51, 49, 47, 45] = (0 errors, first @ [-1, -1])
[23, 22, 21, 19, 16, 15, 13, 11] = (0 errors, first @ [-1, -1])
[4, 5, 6, 8, 9, 11, 12, 15] = (0 errors, first @ [-1, -1])
[6, 7, 9, 11, 14, 16, 19, 21] = (0 errors, first @ [-1, -1])
[30, 33, 34, 35, 36] = (0 errors, first @ [-1, -1])
[16, 19, 21, 22, 24, 25, 27] = (0 errors, first @ [-1, -1])
[64, 65, 68, 71, 73, 74, 76, 78] = (0 errors, first @ [-1, -1])
[68, 66, 64, 62, 59, 58, 56, 54] = (0 errors, first @ [-1, -1])
[56, 53, 51, 48, 45, 44, 41, 39] = (0 errors, first @ [-1, -1])
[17, 15, 12, 11, 9, 6] = (0 errors, first @ [-1, -1])
[53, 54, 56, 57, 60, 62] = (0 errors, first @ [-1, -1])
[21, 19, 16, 15, 14, 13, 10, 9] = (0 errors, first @ [-1, -1])
[12, 11, 8, 6, 4, 2] = (0 errors, first @ [-1, -1])
[94, 92, 89, 88, 86, 84, 83, 82] = (0 errors, first @ [-1, -1])
[18, 20, 23, 24, 25] = (0 errors, first @ [-1, -1])
[39, 41, 44, 47, 49, 52, 55, 58] = (0 errors, first @ [-1, -1])
[83, 82, 79, 77, 74, 73, 72, 69] = (0 errors, first @ [-1, -1])
[81, 82, 83, 84, 85, 87, 90] = (0 errors, first @ [-1, -1])
[53, 54, 55, 57, 58] = (0 errors, first @ [-1, -1])
[33, 30, 27, 25, 24, 22, 19] = (0 errors, first @ [-1, -1])
[87, 88, 90, 93, 94, 95, 98] = (0 errors, first @ [-1, -1])
[77, 76, 73, 72, 71, 68, 65, 63] = (0 errors, first @ [-1, -1])
[93, 92, 89, 88, 87, 86] = (0 errors, first @ [-1, -1])
[67, 64, 63, 60, 58, 55] = (0 errors, first @ [-1, -1])
[93, 91, 90, 88, 86, 84] = (0 errors, first @ [-1, -1])
[80, 82, 83, 86, 88, 91, 94, 97] = (0 errors, first @ [-1, -1])
[19, 22, 25, 27, 28, 31] = (0 errors, first @ [-1, -1])
[66, 69, 70, 71, 74, 76] = (0 errors, first @ [-1, -1])
[86, 84, 81, 79, 76, 74, 72, 69] = (0 errors, first @ [-1, -1])
[21, 22, 25, 27, 28] = (0 errors, first @ [-1, -1])
[64, 67, 70, 71, 72, 73] = (0 errors, first @ [-1, -1])
[45, 42, 39, 36, 35] = (0 errors, first @ [-1, -1])
[80, 81, 84, 85, 87, 90, 92, 94] = (0 errors, first @ [-1, -1])
[41, 40, 37, 34, 32, 30, 29, 26] = (0 errors, first @ [-1, -1])
[25, 22, 19, 16, 13, 11, 10, 7] = (0 errors, first @ [-1, -1])
[7, 9, 12, 14, 15] = (0 errors, first @ [-1, -1])
[51, 54, 57, 59, 62, 64, 67] = (0 errors, first @ [-1, -1])
[28, 29, 31, 32, 35, 36, 39] = (0 errors, first @ [-1, -1])
[70, 73, 75, 78, 80, 81, 83] = (0 errors, first @ [-1, -1])
[88, 90, 91, 93, 94, 96] = (0 errors, first @ [-1, -1])
[58, 57, 55, 52, 51, 49] = (0 errors, first @ [-1, -1])
[31, 30, 27, 24, 22, 19] = (0 errors, first @ [-1, -1])
[43, 44, 45, 47, 49, 51] = (0 errors, first @ [-1, -1])
[84, 82, 81, 79, 76, 74] = (0 errors, first @ [-1, -1])
[58, 57, 54, 52, 49, 46, 45] = (0 errors, first @ [-1, -1])
[45, 46, 48, 49, 52] = (0 errors, first @ [-1, -1])
[16, 18, 21, 23, 26, 27] = (0 errors, first @ [-1, -1])
[24, 26, 27, 29, 32, 34, 35] = (0 errors, first @ [-1, -1])
[64, 66, 68, 69, 70, 72, 75, 78] = (0 errors, first @ [-1, -1])
[28, 27, 24, 23, 21, 18, 16] = (0 errors, first @ [-1, -1])
[63, 66, 67, 68, 71, 73, 75] = (0 errors, first @ [-1, -1])
[99, 96, 93, 92, 89] = (0 errors, first @ [-1, -1])
[19, 21, 23, 25, 26, 27, 30, 33] = (0 errors, first @ [-1, -1])
[40, 42, 45, 47, 50, 53] = (0 errors, first @ [-1, -1])
[61, 64, 65, 66, 67] = (0 errors, first @ [-1, -1])
[61, 58, 56, 54, 52, 49] = (0 errors, first @ [-1, -1])
[82, 83, 85, 88, 89] = (0 errors, first @ [-1, -1])
[49, 46, 45, 43, 42, 41, 39] = (0 errors, first @ [-1, -1])
[65, 66, 67, 69, 72, 74, 75] = (0 errors, first @ [-1, -1])
[92, 93, 94, 96, 97] = (0 errors, first @ [-1, -1])
[38, 39, 42, 45, 47, 48, 50] = (0 errors, first @ [-1, -1])
[49, 46, 43, 42, 40] = (0 errors, first @ [-1, -1])
[51, 50, 48, 45, 42, 40, 39] = (0 errors, first @ [-1, -1])
[66, 64, 62, 60, 57, 54, 51] = (0 errors, first @ [-1, -1])
[66, 65, 63, 62, 60, 58, 55] = (0 errors, first @ [-1, -1])
[76, 78, 80, 83, 86, 88] = (0 errors, first @ [-1, -1])
[69, 70, 72, 74, 75, 76] = (0 errors, first @ [-1, -1])
[70, 72, 74, 75, 76, 79] = (0 errors, first @ [-1, -1])
[96, 95, 93, 90, 87, 85, 83, 81] = (0 errors, first @ [-1, -1])
[95, 94, 91, 89, 87, 84, 82] = (0 errors, first @ [-1, -1])
[13, 15, 16, 19, 20, 23] = (0 errors, first @ [-1, -1])
[14, 16, 19, 20, 23, 26] = (0 errors, first @ [-1, -1])
[13, 10, 7, 6, 5, 3] = (0 errors, first @ [-1, -1])
[58, 57, 56, 53, 52, 50] = (0 errors, first @ [-1, -1])
[16, 14, 12, 9, 7, 6, 3] = (0 errors, first @ [-1, -1])
[74, 71, 70, 69, 67, 64, 62, 61] = (0 errors, first @ [-1, -1])
[75, 72, 69, 67, 66] = (0 errors, first @ [-1, -1])
[80, 77, 76, 74, 72, 71, 70, 67] = (0 errors, first @ [-1, -1])
[79, 82, 85, 88, 89, 91, 93, 95] = (0 errors, first @ [-1, -1])
[42, 41, 39, 36, 34, 33, 32] = (0 errors, first @ [-1, -1])
[10, 12, 13, 16, 17] = (0 errors, first @ [-1, -1])
[14, 12, 10, 7, 5, 3] = (0 errors, first @ [-1, -1])
[47, 49, 50, 52, 53, 54, 57, 59] = (0 errors, first @ [-1, -1])
[28, 29, 32, 33, 34] = (0 errors, first @ [-1, -1])
There are 554 safe reports.
